247,35
3,2
10,250
10,306
10,128
10,94
10,256
10,222
10,136
10,2
10,3
223,3
223,2
223,1
223,0
222,6
222,5
222,4
222,3
9,7
222,2
9,2
222,1
222,0
221,5
221,4
221,3
221,2
221,1
221,0
220,3
8,18
8,17
8,5
8,8
8,14
220,2
220,1
220,0
219,3
219,2
219,1
219,0
218,3
218,2
218,1
218,0
12,3
12,2
12,1
11,30
11,29
11,28
11,27
11,26
11,25
11,24
11,23
11,22
11,21
11,20
11,19
11,18
11,17
11,16
11,15
11,14
11,13
11,12
11,11
11,10
11,9
11,8
11,7
11,6
11,5
11,4
11,3
11,2
11,1
10,314
10,310
10,303
10,295
10,284
10,281
10,280
10,267
10,262
10,259
10,255
20,2
20,1
10,237
10,233
20,3
10,219
10,216
10,209
10,201
19,2
19,1
10,199
19,3
10,196
10,181
10,179
10,178
10,176
10,168
10,167
10,154
10,148
10,142
10,137
10,134
10,129
10,123
10,111
10,105
